-1.600000e-19
6.400000e-19
3.200000e-19
3.200000e-19
-1.600000e-19
-1.600000e-19
-3.200000e-19
0.000000e+00
1.600000e-18
3.200000e-19
1.600000e-19
9.600000e-19
3.200000e-19
-1.280000e-18
-4.800000e-19
0.000000e+00
-6.400000e-19
4.800000e-19
-6.400000e-19
-4.800000e-19
-3.200000e-19
-3.200000e-19
4.800000e-19
3.200000e-19
-3.200000e-19
-3.200000e-19
-1.120000e-18
1.280000e-18
1.760000e-18
9.600000e-19
-1.120000e-18
-6.400000e-19
8.000000e-19
-1.600000e-19
-4.800000e-19
-1.600000e-19
-4.814825e-35
3.200000e-19
-4.800000e-19
4.814825e-35
-6.400000e-19
-1.600000e-19
4.800000e-19
-6.400000e-19
-8.000000e-19
2.880000e-18
-4.800000e-19
-6.400000e-19
1.600000e-19
1.600000e-19
-8.000000e-19
-4.814825e-35
-1.600000e-19
-1.120000e-18
8.000000e-19
-6.400000e-19
-1.600000e-19
4.800000e-19
4.800000e-19
1.120000e-18
-3.200000e-19
-8.000000e-19
-3.200000e-19
1.920000e-18
-8.000000e-19
1.600000e-18
2.080000e-18
1.600000e-19
-6.400000e-19
8.000000e-19
-3.200000e-19
-1.120000e-18
1.280000e-18
2.720000e-18
6.400000e-19
1.120000e-18
-1.120000e-18
1.920000e-18
-4.814825e-35
9.600000e-19
-1.280000e-18
-1.120000e-18
8.000000e-19
-1.444447e-34
-8.000000e-19
8.000000e-19
-3.200000e-19
-6.400000e-19
-1.760000e-18
6.400000e-19
-2.240000e-18
3.200000e-19
3.200000e-19
-1.600000e-19
1.440000e-18
-1.760000e-18
-9.600000e-19
-2.080000e-18
-1.600000e-19
-9.600000e-19
